Time (ns)	|TDR_BPI(1,1,0,1,1,0)|[*] : ToTimeDomain
-22.8571	0.000882662
-22.7143	0.000874705
-22.5714	0.000891239
-22.4286	0.00089201
-22.2857	0.000904489
-22.1429	0.000900277
-22	0.000921957
-21.8571	0.000918446
-21.7143	0.000918834
-21.5714	0.000920007
-21.4286	0.000937847
-21.2857	0.000942775
-21.1429	0.00093666
-21	0.000948962
-20.8571	0.00096548
-20.7143	0.000965101
-20.5714	0.000969323
-20.4286	0.000970876
-20.2857	0.000971057
-20.1429	0.00099756
-20	0.000988835
-19.8571	0.00100685
-19.7143	0.00100605
-19.5714	0.00102765
-19.4286	0.00103107
-19.2857	0.00105018
-19.1429	0.00104439
-19	0.00104719
-18.8571	0.00106012
-18.7143	0.00105779
-18.5714	0.00106269
-18.4286	0.00106163
-18.2857	0.00108144
-18.1429	0.00108501
-18	0.00109536
-17.8571	0.00110121
-17.7143	0.00111177
-17.5714	0.00111809
-17.4286	0.00113599
-17.2857	0.00113286
-17.1429	0.00114081
-17	0.0011582
-16.8571	0.00116441
-16.7143	0.00116568
-16.5714	0.00118459
-16.4286	0.00118498
-16.2857	0.00120035
-16.1429	0.0012251
-16	0.00122174
-15.8571	0.00124266
-15.7143	0.00125099
-15.5714	0.00126234
-15.4286	0.00125812
-15.2857	0.001282
-15.1429	0.00128499
-15	0.00131425
-14.8571	0.00131503
-14.7143	0.00134163
-14.5714	0.0013415
-14.4286	0.00136921
-14.2857	0.00137515
-14.1429	0.0013925
-14	0.00140522
-13.8571	0.00141763
-13.7143	0.00143091
-13.5714	0.00143251
-13.4286	0.00145018
-13.2857	0.00145032
-13.1429	0.00147665
-13	0.00148779
-12.8571	0.00150476
-12.7143	0.00150846
-12.5714	0.00152932
-12.4286	0.00154406
-12.2857	0.00155996
-12.1429	0.00158452
-12	0.00158927
-11.8571	0.00161238
-11.7143	0.00162763
-11.5714	0.00164746
-11.4286	0.00166947
-11.2857	0.00168452
-11.1429	0.00171846
-11	0.00172746
-10.8571	0.00176059
-10.7143	0.00177476
-10.5714	0.00179934
-10.4286	0.00183509
-10.2857	0.00184659
-10.1429	0.00188084
-10	0.00189994
-9.85714	0.00194365
-9.71429	0.00196098
-9.57143	0.00198498
-9.42857	0.00200224
-9.28571	0.00203659
-9.14286	0.00206292
-9	0.00209058
-8.85714	0.00213949
-8.71429	0.00217108
-8.57143	0.00219682
-8.42857	0.00223958
-8.28571	0.00227987
-8.14286	0.00232955
-8	0.00235821
-7.85714	0.00242862
-7.71429	0.00230651
-7.57143	0.00235894
-7.42857	0.0025227
-7.28571	0.00212769
-7.14286	0.00189668
-7	0.00266104
-6.85714	0.00248763
-6.71429	0.0026907
-6.57143	0.00284713
-6.42857	0.00286142
-6.28571	0.00280421
-6.14286	0.00291905
-6	0.00285166
-5.85714	0.00300951
-5.71429	0.00290068
-5.57143	0.00314594
-5.42857	0.00320928
-5.28571	0.00345221
-5.14286	0.00348242
-5	0.00353945
-4.85714	0.00362605
-4.71429	0.00373083
-4.57143	0.00382521
-4.42857	0.00382708
-4.28571	0.00404941
-4.14286	0.00411206
-4	0.00423239
-3.85714	0.00433334
-3.71429	0.00447227
-3.57143	0.00465722
-3.42857	0.00491458
-3.28571	0.00499509
-3.14286	0.00530484
-3	0.0054557
-2.85714	0.00563175
-2.71429	0.00583419
-2.57143	0.00619091
-2.42857	0.00634299
-2.28571	0.00676642
-2.14286	0.00695975
-2	0.00744976
-1.85714	0.0078361
-1.71429	0.00839156
-1.57143	0.00883888
-1.42857	0.0105202
-1.28571	0.00990528
-1.14286	0.0108897
-1	0.0125664
-0.857143	0.0130174
-0.714286	0.0151505
-0.571429	0.0172199
-0.428571	0.0203792
-0.285714	0.0254919
-0.142857	0.0370573
0	0.0676879
0.142857	0.172111
0.285714	0.0330734
0.428571	0.0615068
0.571429	0.0390932
0.714286	0.051247
0.857143	0.0380266
1	0.0372532
1.14286	0.041936
1.28571	0.0438998
1.42857	0.0567072
1.57143	0.0628956
1.71429	0.021697
1.85714	0.0515189
2	0.0243157
2.14286	0.00695657
2.28571	0.00887204
2.42857	0.00829433
2.57143	0.0102131
2.71429	0.00735578
2.85714	0.00450429
3	0.0113699
3.14286	0.0106411
3.28571	0.00778904
3.42857	0.00681311
3.57143	0.00477273
3.71429	0.00871783
3.85714	0.0112737
4	0.00284912
4.14286	0.00387953
4.28571	0.00439087
4.42857	0.00481255
4.57143	0.00513547
4.71429	0.00539569
4.85714	0.00443891
5	0.00452044
5.14286	0.00454356
5.28571	0.00489352
5.42857	0.00494724
5.57143	0.00413365
5.71429	0.00355605
5.85714	0.00404791
6	0.00508391
6.14286	0.00459679
6.28571	0.00381504
6.42857	0.00331407
6.57143	0.00379442
6.71429	0.00378263
6.85714	0.0035727
7	0.00314891
7.14286	0.00356981
7.28571	0.00322809
7.42857	0.0034849
7.57143	0.00323717
7.71429	0.00281513
7.85714	0.00267681
8	0.00242863
8.14286	0.00245396
8.28571	0.00275362
8.42857	0.00205187
8.57143	0.00284244
8.71429	0.00302124
8.85714	0.00267618
9	0.00238068
9.14286	0.0023812
9.28571	0.00256434
9.42857	0.00255785
9.57143	0.0025703
9.71429	0.00246297
9.85714	0.00237214
10	0.0023971
10.1429	0.00229667
10.2857	0.00227908
10.4286	0.00230454
10.5714	0.00218364
10.7143	0.00205767
10.8571	0.00183109
11	0.00210597
11.1429	0.00194262
11.2857	0.00210215
11.4286	0.00259904
11.5714	0.00234686
11.7143	0.0020391
11.8571	0.0018839
12	0.00193971
12.1429	0.00196587
12.2857	0.00177389
12.4286	0.00174528
12.5714	0.00157994
12.7143	0.00163776
12.8571	0.00179466
13	0.00197143
13.1429	0.00181984
13.2857	0.00170685
13.4286	0.00181719
13.5714	0.00155544
13.7143	0.0016249
13.8571	0.00167669
14	0.00158017
14.1429	0.00165593
14.2857	0.00150216
14.4286	0.00161413
14.5714	0.00164211
14.7143	0.00154925
14.8571	0.00138921
15	0.00112616
15.1429	0.00123342
15.2857	0.00129841
15.4286	0.00123146
15.5714	0.00140753
15.7143	0.00133085
15.8571	0.00141454
16	0.00144974
16.1429	0.0014059
16.2857	0.0013866
16.4286	0.00137991
16.5714	0.00146916
16.7143	0.00151628
16.8571	0.00160414
17	0.0016147
17.1429	0.00158147
17.2857	0.00143844
17.4286	0.00137207
17.5714	0.000996373
17.7143	0.00129825
17.8571	0.00110941
18	0.00124308
18.1429	0.00100204
18.2857	0.00127371
18.4286	0.00121253
18.5714	0.00111557
18.7143	0.00117881
18.8571	0.0011648
19	0.00110321
19.1429	0.00120725
19.2857	0.00110405
19.4286	0.00111759
19.5714	0.00110161
19.7143	0.0010229
19.8571	0.00109088
20	0.00105549
20.1429	0.00099154
20.2857	0.00114021
20.4286	0.00114869
20.5714	0.00102062
20.7143	0.00084324
20.8571	0.000876578
21	0.00084135
21.1429	0.000880174
21.2857	0.000844771
21.4286	0.000862616
21.5714	0.000919295
21.7143	0.000993991
21.8571	0.00101912
22	0.000882598
22.1429	0.00120285
22.2857	0.0010721
22.4286	0.000983141
22.5714	0.000912433
22.7143	0.000957342
22.8571	0.00100313
23	0.00100225
23.1429	0.000865387
23.2857	0.00089211
23.4286	0.000844446
23.5714	0.000852338
23.7143	0.000916432
23.8571	0.000895661
24	0.000820801
24.1429	0.0007551
24.2857	0.000811401
24.4286	0.000793501
24.5714	0.000846157
24.7143	0.000870182
24.8571	0.000747742
25	0.000822153
25.1429	0.000979081
25.2857	0.000988214
25.4286	0.000814921
25.5714	0.000841626
25.7143	0.000762889
25.8571	0.000881496
26	0.000954
26.1429	0.000966604
26.2857	0.000957471
26.4286	0.000880005
26.5714	0.000884876
26.7143	0.000839379
26.8571	0.000907059
27	0.000820171
27.1429	0.000738722
27.2857	0.000763134
27.4286	0.000744109
27.5714	0.000772228
27.7143	0.000763437
27.8571	0.000766258
28	0.000799537
28.1429	0.000822494
28.2857	0.000809165
28.4286	0.000787542
28.5714	0.000775287
28.7143	0.000763863
28.8571	0.000739083
29	0.000756991
29.1429	0.000745938
29.2857	0.000688765
29.4286	0.000623431
29.5714	0.000660361
29.7143	0.000725779
29.8571	0.00070839
30	0.000774273
30.1429	0.000760743
30.2857	0.000735439
30.4286	0.000747678
30.5714	0.000587553
30.7143	0.000674112
30.8571	0.000655261
31	0.00065576
31.1429	0.00076789
31.2857	0.000661813
31.4286	0.000646026
31.5714	0.000723901
31.7143	0.000719452
31.8571	0.000740514
32	0.000656576
32.1429	0.000648986
32.2857	0.000727922
32.4286	0.000758114
32.5714	0.000755489
32.7143	0.000790872
32.8571	0.000777667
33	0.000721904
33.1429	0.000733577
33.2857	0.000719307
33.4286	0.000744581
33.5714	0.000677376
33.7143	0.000690789
33.8571	0.000756977
34	0.000715465
34.1429	0.000665485
34.2857	0.000627092
34.4286	0.0006456
34.5714	0.000645442
34.7143	0.000626647
34.8571	0.000591537
35	0.000586864
35.1429	0.000634719
35.2857	0.00069521
35.4286	0.000578528
35.5714	0.000658728
35.7143	0.000657413
35.8571	0.000629892
36	0.000577648
36.1429	0.000608987
36.2857	0.000576592
36.4286	0.000623676
36.5714	0.000580854
36.7143	0.000618796
36.8571	0.00055443
37	0.000555356
37.1429	0.000548194
37.2857	0.000576457
37.4286	0.000559485
37.5714	0.000638853
37.7143	0.000615665
37.8571	0.00062706
38	0.000626062
38.1429	0.000613003
38.2857	0.000583984
38.4286	0.000559892
38.5714	0.000593894
38.7143	0.000620252
38.8571	0.000553968
39	0.00061213
39.1429	0.000582767
39.2857	0.000527897
39.4286	0.000597373
39.5714	0.000563519
39.7143	0.000576379
39.8571	0.000515831
40	0.000486995
40.1429	0.000528661
40.2857	0.000503569
40.4286	0.000539566
40.5714	0.000499532
40.7143	0.000622936
40.8571	0.000560438
41	0.000523106
41.1429	0.000510475
41.2857	0.000435023
41.4286	0.000579569
41.5714	0.000489948
41.7143	0.000546299
41.8571	0.000591297
42	0.000537588
42.1429	0.000488746
42.2857	0.000606037
42.4286	0.000528618
42.5714	0.000506794
42.7143	0.000483147
42.8571	0.000528249
43	0.000500057
43.1429	0.000506262
43.2857	0.000548636
43.4286	0.000485512
43.5714	0.000543886
43.7143	0.000550563
43.8571	0.000477455
44	0.000466298
44.1429	0.000538995
44.2857	0.000520646
44.4286	0.000500771
44.5714	0.000571211
44.7143	0.000505434
44.8571	0.00056044
45	0.00055923
45.1429	0.000479821
45.2857	0.000477016
45.4286	0.000498196
45.5714	0.000503692
45.7143	0.000506246
45.8571	0.000495722
46	0.000475382
46.1429	0.000494593
46.2857	0.000472843
46.4286	0.000452605
46.5714	0.000462692
46.7143	0.000503956
46.8571	0.000490326
47	0.000471005
47.1429	0.000434862
47.2857	0.00044759
47.4286	0.000443173
47.5714	0.000425968
47.7143	0.000410022
47.8571	0.000437038
48	0.000462882
48.1429	0.00047155
48.2857	0.000480154
48.4286	0.000436888
48.5714	0.000468931
48.7143	0.000483428
48.8571	0.000490155
49	0.000451536
49.1429	0.000391922
49.2857	0.000421298
49.4286	0.000453057
49.5714	0.000437566
49.7143	0.00044838
49.8571	0.000453371
50	0.000474895
50.1429	0.000490827
50.2857	0.000468827
50.4286	0.000451024
50.5714	0.000466114
50.7143	0.00044003
50.8571	0.000479383
51	0.000459195
51.1429	0.000476989
51.2857	0.00048339
51.4286	0.000456466
51.5714	0.000493398
51.7143	0.00048614
51.8571	0.000485921
52	0.000460427
52.1429	0.000470821
52.2857	0.000408282
52.4286	0.000448745
52.5714	0.000470109
52.7143	0.000434429
52.8571	0.000427264
53	0.000396836
53.1429	0.000424285
53.2857	0.000434698
53.4286	0.000416684
53.5714	0.000403982
53.7143	0.000405528
53.8571	0.000434797
54	0.000439345
54.1429	0.000415109
54.2857	0.000412948
54.4286	0.000415059
54.5714	0.000434475
54.7143	0.000430296
54.8571	0.000424776
55	0.000432584
55.1429	0.000443407
55.2857	0.000441168
55.4286	0.000428855
55.5714	0.000419027
55.7143	0.000395997
55.8571	0.000401811
56	0.000398031
56.1429	0.000409397
56.2857	0.000437814
56.4286	0.000424764
56.5714	0.000410253
56.7143	0.000432111
56.8571	0.000413574
57	0.000350206
57.1429	0.000400536
57.2857	0.000400572
57.4286	0.000405306
57.5714	0.000379716
57.7143	0.000408166
57.8571	0.000400514
58	0.000395161
58.1429	0.000384563
58.2857	0.000352234
58.4286	0.000376496
58.5714	0.000366089
58.7143	0.00037831
58.8571	0.000367927
59	0.000353846
59.1429	0.000402409
59.2857	0.000400936
59.4286	0.000385882
59.5714	0.000363708
59.7143	0.000368815
59.8571	0.000358729
60	0.000388457
60.1429	0.000359237
60.2857	0.000369878
60.4286	0.00038345
60.5714	0.000362425
60.7143	0.000346514
60.8571	0.000381522
61	0.000378869
61.1429	0.000363019
61.2857	0.000355584
61.4286	0.000362017
61.5714	0.000389589
61.7143	0.000391272
61.8571	0.000389878
62	0.000374702
62.1429	0.000379429
62.2857	0.000392758
62.4286	0.000394852
62.5714	0.000371488
62.7143	0.000383685
62.8571	0.000392983
63	0.000367291
63.1429	0.000387031
63.2857	0.000357592
63.4286	0.000360844
63.5714	0.000396439
63.7143	0.000382195
63.8571	0.000371538
64	0.00037633
64.1429	0.000363107
64.2857	0.000363331
64.4286	0.000360184
64.5714	0.000360585
64.7143	0.000339975
64.8571	0.00034765
65	0.000374884
65.1429	0.000358826
65.2857	0.000364591
65.4286	0.000349921
65.5714	0.00038454
65.7143	0.000341201
65.8571	0.000353374
66	0.000341428
66.1429	0.000354515
66.2857	0.000353177
66.4286	0.000359848
66.5714	0.000353485
66.7143	0.000355243
66.8571	0.000361904
67	0.000359329
67.1429	0.00036889
67.2857	0.000352127
67.4286	0.000357315
67.5714	0.000357793
67.7143	0.000362607
67.8571	0.000339996
68	0.000342464
68.1429	0.000347501
68.2857	0.000348551
68.4286	0.000339702
68.5714	0.000341682
68.7143	0.000350849
68.8571	0.000340783
69	0.000350992
69.1429	0.000351561
69.2857	0.000354564
69.4286	0.000342152
69.5714	0.00034922
69.7143	0.000344385
69.8571	0.000361624
70	0.000353801
70.1429	0.000338577
70.2857	0.000358462
70.4286	0.000338967
70.5714	0.000333435
70.7143	0.000337818
70.8571	0.00033991
71	0.000353435
71.1429	0.000330002
71.2857	0.000339366
71.4286	0.000359141
71.5714	0.000350626
71.7143	0.000341947
71.8571	0.000344692
72	0.000345424
72.1429	0.000342658
72.2857	0.000334455
72.4286	0.000335804
72.5714	0.000345627
72.7143	0.000329114
72.8571	0.000344413
73	0.000342356
73.1429	0.000355204
73.2857	0.0003414
73.4286	0.000342087
73.5714	0.000337377
73.7143	0.000341205
73.8571	0.000315174
74	0.000327245
74.1429	0.000334484
74.2857	0.00033576
74.4286	0.000340153
74.5714	0.000329469
74.7143	0.000343068
74.8571	0.000333982
75	0.00032616
75.1429	0.00032479
75.2857	0.000326611
75.4286	0.000308419
75.5714	0.000322944
75.7143	0.00032731
75.8571	0.000325294
76	0.00031469
76.1429	0.00031922
76.2857	0.000310436
76.4286	0.000306357
76.5714	0.000308716
76.7143	0.000328141
76.8571	0.000326362
77	0.000327224
77.1429	0.000335122
77.2857	0.000342019
77.4286	0.00033028
77.5714	0.00033078
77.7143	0.000318214
77.8571	0.000318272
78	0.00031685
78.1429	0.000322021
78.2857	0.000316392
78.4286	0.000323054
78.5714	0.000318246
78.7143	0.000331324
78.8571	0.000318146
79	0.000322832
79.1429	0.000319295
79.2857	0.000318966
79.4286	0.00031004
79.5714	0.000326639
79.7143	0.000309429
79.8571	0.000313909
80	0.000311621
80.1429	0.000311321
80.2857	0.000311791
80.4286	0.000313642
80.5714	0.000310891
80.7143	0.000315933
80.8571	0.000310358
81	0.000316861
81.1429	0.00030987
81.2857	0.00030274
81.4286	0.000304765
81.5714	0.000314259
81.7143	0.000304085
81.8571	0.00030406
82	0.000312021
82.1429	0.000310662
82.2857	0.00029963
82.4286	0.000308611
82.5714	0.000301327
82.7143	0.000303673
82.8571	0.000315904
83	0.000312973
83.1429	0.000317913
83.2857	0.000298089
83.4286	0.000312779
83.5714	0.000316586
83.7143	0.000316392
83.8571	0.000298216
84	0.000314182
84.1429	0.000320951
84.2857	0.000324802
84.4286	0.000319947
84.5714	0.000317648
84.7143	0.000332975
84.8571	0.000312058
85	0.000310961
85.1429	0.000302433
85.2857	0.00030793
85.4286	0.000314495
85.5714	0.000313785
85.7143	0.000306704
85.8571	0.000304867
86	0.000304066
86.1429	0.000318733
86.2857	0.000320135
86.4286	0.000307584
86.5714	0.000301079
86.7143	0.000305983
86.8571	0.000309053
87	0.000317279
87.1429	0.000297608
87.2857	0.000293564
87.4286	0.000303495
87.5714	0.000299063
87.7143	0.000293056
87.8571	0.000293154
88	0.00030003
88.1429	0.000298178
88.2857	0.000300879
88.4286	0.000287918
88.5714	0.000283742
88.7143	0.000287149
88.8571	0.000295627
89	0.00029424
89.1429	0.000302281
89.2857	0.000295115
89.4286	0.00029153
89.5714	0.000296246
89.7143	0.000291356
89.8571	0.000291909
90	0.000293798
90.1429	0.000295381
90.2857	0.000301318
90.4286	0.000301519
90.5714	0.000296593
90.7143	0.000304289
90.8571	0.000294916
91	0.00030031
91.1429	0.000295934
91.2857	0.000310787
91.4286	0.000295876
91.5714	0.000293457
91.7143	0.000301496
91.8571	0.000296165
92	0.000301927
92.1429	0.0002982
92.2857	0.000298097
92.4286	0.000286166
92.5714	0.000294072
92.7143	0.000298217
92.8571	0.000298575
93	0.000285288
93.1429	0.000285568
93.2857	0.000292701
93.4286	0.000297892
93.5714	0.000288913
93.7143	0.000301476
93.8571	0.000289064
94	0.000293564
94.1429	0.000284167
94.2857	0.0002887
94.4286	0.000282541
94.5714	0.000288176
94.7143	0.000298041
94.8571	0.000285963
95	0.000293352
95.1429	0.000287119
95.2857	0.000300571
95.4286	0.000276624
95.5714	0.000292207
95.7143	0.00028308
95.8571	0.000289977
96	0.000290472
96.1429	0.000292515
96.2857	0.000289275
96.4286	0.000295509
96.5714	0.000290923
96.7143	0.000295983
96.8571	0.000289586
97	0.000291303
97.1429	0.000299031
97.2857	0.000294548
97.4286	0.000293822
97.5714	0.000291518
97.7143	0.000282531
97.8571	0.00028884
98	0.000278663
98.1429	0.000281769
98.2857	0.000284221
98.4286	0.000291943
98.5714	0.000291089
98.7143	0.000287817
98.8571	0.000291963
99	0.000288242
99.1429	0.000285747
99.2857	0.000282182
99.4286	0.000280582
99.5714	0.000290506
99.7143	0.000283317
99.8571	0.000288454
100	0.00027479
100.143	0.000284181
100.286	0.000289027
100.429	0.000296276
100.571	0.000298095
100.714	0.000281186
100.857	0.000289253
101	0.000292774
101.143	0.00027967
101.286	0.000286749
101.429	0.000286262
101.571	0.00028964
101.714	0.000284113
101.857	0.000306883
102	0.000278696
102.143	0.000290597
102.286	0.000288425
102.429	0.000287478
102.571	0.000288214
102.714	0.000274632
102.857	0.000289341
103	0.000283675
103.143	0.000287834
103.286	0.000279735
103.429	0.000292964
103.571	0.000290647
103.714	0.000291664
103.857	0.000285323
104	0.000286268
104.143	0.000285206
104.286	0.000282305
104.429	0.000278599
104.571	0.000278574
104.714	0.000281748
104.857	0.000278709
105	0.000283121
105.143	0.000273221
105.286	0.000282003
105.429	0.00027573
105.571	0.000283855
105.714	0.00028217
105.857	0.00027526
106	0.00027714
106.143	0.00028544
106.286	0.000292492
106.429	0.000292925
106.571	0.000285029
106.714	0.000287713
106.857	0.000283921
107	0.000282827
107.143	0.000278165
107.286	0.000278123
107.429	0.000282144
107.571	0.000287612
107.714	0.000278686
107.857	0.000283538
108	0.000293959
108.143	0.000292218
108.286	0.000283028
108.429	0.000280251
108.571	0.00028966
108.714	0.000286027
108.857	0.000295804
109	0.000281868
109.143	0.000285181
109.286	0.000284957
109.429	0.00028096
109.571	0.000280626
109.714	0.000276311
109.857	0.00028066
110	0.000270099
110.143	0.000280879
110.286	0.000284384
110.429	0.000276829
110.571	0.000277734
110.714	0.000284685
110.857	0.000282243
111	0.000277186
111.143	0.000286589
111.286	0.000283857
111.429	0.000287328
111.571	0.000281781
111.714	0.00029345
111.857	0.000279775
112	0.000281858
112.143	0.000278865
112.286	0.000282016
112.429	0.000277806
112.571	0.000292514
112.714	0.000285268
112.857	0.000282738
113	0.00028266
113.143	0.000285545
113.286	0.000287261
113.429	0.000273701
113.571	0.000276267
113.714	0.000283706
113.857	0.000286314
114	0.000285898
114.143	0.000277178
114.286	0.000284936
114.429	0.000284118
114.571	0.000282982
114.714	0.000277213
114.857	0.00028346
115	0.000277011
115.143	0.000287047
115.286	0.000288659
115.429	0.000290339
115.571	0.000282978
115.714	0.000292741
115.857	0.00029569
116	0.000270243
116.143	0.000271715
116.286	0.00027461
116.429	0.000271731
116.571	0.00027442
116.714	0.000277326
116.857	0.000281179
117	0.000278703
117.143	0.000280922
117.286	0.000281539
117.429	0.000276583
117.571	0.0002844
117.714	0.0002838
117.857	0.000282893
118	0.000284131
118.143	0.000278495
118.286	0.000281603
118.429	0.000284169
118.571	0.000290492
118.714	0.000283993
118.857	0.000285408
119	0.00029547
119.143	0.000278028
119.286	0.000291053
119.429	0.000277856
119.571	0.000284142
119.714	0.000283467
119.857	0.000295272
120	0.000281032
120.143	0.000286233
120.286	0.000289002
120.429	0.000281259
120.571	0.000285738
120.714	0.000276525
120.857	0.000284112
121	0.000279661
121.143	0.000271631
121.286	0.000264006
121.429	0.000270703
121.571	0.000272726
121.714	0.000270757
121.857	0.000277023
122	0.000283764
122.143	0.000279807
122.286	0.000288417
122.429	0.000291679
122.571	0.000283663
122.714	0.000284964
122.857	0.000288322
123	0.000287972
123.143	0.000268439
123.286	0.000272647
123.429	0.000273842
123.571	0.000274203
123.714	0.000273231
123.857	0.000266472
124	0.000272981
124.143	0.000278685
124.286	0.00028307
124.429	0.000281042
124.571	0.000285548
124.714	0.000282379
124.857	0.000277586
125	0.000280928
125.143	0.000277827
125.286	0.000278342
125.429	0.000286201
125.571	0.00029187
125.714	0.00029154
125.857	0.000286362
126	0.000290321
126.143	0.000281456
126.286	0.000297196
126.429	0.000273612
126.571	0.000286936
126.714	0.00028324
126.857	0.000291735
127	0.000289059
127.143	0.000278722
127.286	0.000291244
127.429	0.000275072
127.571	0.000290061
127.714	0.00027965
127.857	0.000286488
128	0.000284679
128.143	0.000298202
128.286	0.000293554
128.429	0.000285183
128.571	0.000280935
128.714	0.0002946
128.857	0.000281376
129	0.000287658
129.143	0.000288635
129.286	0.000286784
129.429	0.000286546
129.571	0.000282887
129.714	0.000287188
129.857	0.000286439
130	0.000294197
130.143	0.00028729
130.286	0.000291885
130.429	0.000289207
130.571	0.000287098
130.714	0.000291086
130.857	0.000283615
131	0.000288825
131.143	0.000295143
131.286	0.00029084
131.429	0.000289846
131.571	0.000292921
131.714	0.000284967
131.857	0.000295387
132	0.000292809
132.143	0.000289856
132.286	0.000285235
132.429	0.00030317
132.571	0.000293627
132.714	0.000298719
132.857	0.000293992
133	0.000281614
133.143	0.000289979
133.286	0.000283892
133.429	0.000291022
133.571	0.000287759
133.714	0.00029561
133.857	0.000289818
134	0.000289998
134.143	0.000287273
134.286	0.000285969
134.429	0.000305644
134.571	0.000292854
134.714	0.000294672
134.857	0.000294477
135	0.000291524
135.143	0.000285901
135.286	0.000282106
135.429	0.000285208
135.571	0.000283614
135.714	0.000289019
135.857	0.000284852
136	0.000301096
136.143	0.000289816
136.286	0.000296208
136.429	0.000300975
136.571	0.000287759
136.714	0.000298283
136.857	0.000292392
137	0.000297853
137.143	0.000295981
137.286	0.000295295
137.429	0.000295543
137.571	0.000293747
137.714	0.000296653
137.857	0.000300214
138	0.000294374
138.143	0.000296329
138.286	0.000300475
138.429	0.000307863
138.571	0.00029479
138.714	0.0002939
138.857	0.000297003
139	0.000302186
139.143	0.000297593
139.286	0.00029356
139.429	0.000296522
139.571	0.000297265
139.714	0.00030125
139.857	0.000308264
140	0.000299344
140.143	0.000302672
140.286	0.000306019
140.429	0.000302041
140.571	0.000303058
140.714	0.000296428
140.857	0.000296467
141	0.000298029
141.143	0.000304134
141.286	0.000288755
141.429	0.00030315
141.571	0.00029627
141.714	0.000286013
141.857	0.000299338
142	0.000304314
142.143	0.000300591
142.286	0.000298402
142.429	0.000317271
142.571	0.00030476
142.714	0.000303623
142.857	0.000306085
143	0.000310788
143.143	0.0002959
143.286	0.000298673
143.429	0.000299788
143.571	0.000299026
143.714	0.000301726
143.857	0.000307622
144	0.000310948
144.143	0.000309465
144.286	0.000313849
144.429	0.000320378
144.571	0.000319579
144.714	0.000301717
144.857	0.000315331
145	0.000306867
145.143	0.000305069
145.286	0.000311255
145.429	0.000306987
145.571	0.000297552
145.714	0.000298328
145.857	0.000304795
146	0.00030659
146.143	0.000311694
146.286	0.000302858
146.429	0.000304957
146.571	0.000307149
146.714	0.000306089
146.857	0.00030308
147	0.000296141
147.143	0.000305243
147.286	0.000315059
147.429	0.000300472
147.571	0.000310205
147.714	0.000308259
147.857	0.000312391
148	0.000309441
148.143	0.000312884
148.286	0.000317359
148.429	0.00031316
148.571	0.000310879
148.714	0.000305937
148.857	0.000312886
149	0.000307538
149.143	0.00031616
149.286	0.000311245
149.429	0.000318446
149.571	0.000320488
149.714	0.000318287
149.857	0.000324682
150	0.000320088
150.143	0.00031903
150.286	0.000312303
150.429	0.000305202
150.571	0.000310342
150.714	0.000309511
150.857	0.000306242
151	0.000306498
151.143	0.000314055
151.286	0.000313226
151.429	0.00031853
151.571	0.000318967
151.714	0.000317732
151.857	0.000323122
152	0.000321597
152.143	0.000307609
152.286	0.00031928
152.429	0.000325249
152.571	0.000316373
152.714	0.000312468
152.857	0.000330082
153	0.000323465
153.143	0.000325334
153.286	0.000318204
153.429	0.0003241
153.571	0.000326943
153.714	0.000320759
153.857	0.000331306
154	0.000327867
154.143	0.000325365
154.286	0.000323447
154.429	0.000330215
154.571	0.000337227
154.714	0.000336242
154.857	0.00032841
155	0.000331691
155.143	0.000323863
155.286	0.000330164
155.429	0.000326972
155.571	0.000324559
155.714	0.000325439
155.857	0.000331161
156	0.000329756
156.143	0.000330486
156.286	0.000332152
156.429	0.000334052
156.571	0.000328757
156.714	0.000330095
156.857	0.000338145
157	0.000338552
157.143	0.000328624
157.286	0.000356644
157.429	0.00033358
157.571	0.000344679
157.714	0.00034474
157.857	0.000348992
158	0.000340712
158.143	0.000346828
158.286	0.00033567
158.429	0.00033862
158.571	0.000336009
158.714	0.000331039
158.857	0.000334997
159	0.000329898
159.143	0.000344566
159.286	0.000347044
159.429	0.000341023
159.571	0.000350517
159.714	0.000356289
159.857	0.000361145
160	0.000349207
160.143	0.000344487
160.286	0.000352984
160.429	0.000337808
160.571	0.0003481
160.714	0.000338931
160.857	0.000345121
161	0.000341817
161.143	0.000358145
161.286	0.00034341
161.429	0.000351974
161.571	0.000356434
161.714	0.000350267
161.857	0.000352289
162	0.000354542
162.143	0.000363036
162.286	0.000355958
162.429	0.000364384
162.571	0.000353011
162.714	0.000354246
162.857	0.000353017
163	0.000356325
163.143	0.000361587
163.286	0.00035954
163.429	0.0003581
163.571	0.000359288
163.714	0.000362939
163.857	0.000345361
164	0.000352751
164.143	0.000361105
164.286	0.000356813
164.429	0.000362938
164.571	0.000355239
164.714	0.000367898
164.857	0.000369196
165	0.000374792
165.143	0.000361896
165.286	0.000369721
165.429	0.00036917
165.571	0.000374312
165.714	0.00036153
165.857	0.000363939
166	0.000373464
166.143	0.000369443
166.286	0.000371122
166.429	0.000381241
166.571	0.000381088
166.714	0.000373486
166.857	0.000372042
167	0.000371122
167.143	0.000370921
167.286	0.000374957
167.429	0.000381858
167.571	0.000382211
167.714	0.000386144
167.857	0.00038962
168	0.000377219
168.143	0.000386178
168.286	0.000372779
168.429	0.000389915
168.571	0.000380129
168.714	0.000390766
168.857	0.00038134
169	0.000382252
169.143	0.000384349
169.286	0.000382345
169.429	0.000376441
169.571	0.000384323
169.714	0.000383051
169.857	0.000388614
170	0.000391945
170.143	0.0003895
170.286	0.000392502
170.429	0.000388589
170.571	0.000398279
170.714	0.000389358
170.857	0.000387425
171	0.000399432
171.143	0.000400828
171.286	0.000394522
171.429	0.000396106
171.571	0.000402339
171.714	0.000398214
171.857	0.000408132
172	0.000398258
172.143	0.000408494
172.286	0.000399774
172.429	0.000398351
172.571	0.00040685
172.714	0.000409803
172.857	0.000398351
173	0.000400706
173.143	0.000399549
173.286	0.000404605
173.429	0.000399737
173.571	0.000404369
173.714	0.000414888
173.857	0.000410577
174	0.000399874
174.143	0.000406074
174.286	0.000405688
174.429	0.000399868
174.571	0.000408406
174.714	0.00040529
174.857	0.000398193
175	0.000401741
175.143	0.000407536
175.286	0.0004111
175.429	0.000397197
175.571	0.000414769
175.714	0.000411125
175.857	0.000414108
176	0.000421886
176.143	0.000422182
176.286	0.000416715
176.429	0.000425656
176.571	0.000423941
176.714	0.000412286
176.857	0.000427112
177	0.000418026
177.143	0.000426551
177.286	0.00042823
177.429	0.000422411
177.571	0.000430471
177.714	0.000423308
177.857	0.000437283
178	0.000431723
178.143	0.000426602
178.286	0.000437197
178.429	0.000445617
178.571	0.00042986
178.714	0.000433056
178.857	0.000438959
179	0.000434103
179.143	0.000439072
179.286	0.000449183
179.429	0.00044624
179.571	0.000450281
179.714	0.000439506
179.857	0.000447415
180	0.000442272
180.143	0.000449816
180.286	0.00045736
180.429	0.000463051
180.571	0.000445856
180.714	0.000444426
180.857	0.00045991
181	0.000452165
181.143	0.000447288
181.286	0.000458818
181.429	0.000467542
181.571	0.00045754
181.714	0.000467936
181.857	0.00045946
182	0.00045504
182.143	0.000450152
182.286	0.000453422
182.429	0.000459508
182.571	0.000458912
182.714	0.00046582
182.857	0.000458026
183	0.000469433
183.143	0.000461086
183.286	0.000474201
183.429	0.00047359
183.571	0.000476928
183.714	0.0004787
183.857	0.000472406
184	0.000473442
184.143	0.000484966
184.286	0.000480556
184.429	0.000484908
184.571	0.000491975
184.714	0.000494193
184.857	0.00048732
185	0.000489505
185.143	0.000493521
185.286	0.000492944
185.429	0.000503065
185.571	0.000494926
185.714	0.000502675
185.857	0.000490915
186	0.00051434
186.143	0.000512061
186.286	0.000501287
186.429	0.000501937
186.571	0.000505858
186.714	0.000508829
186.857	0.000494814
187	0.000517678
187.143	0.00050545
187.286	0.00051403
187.429	0.000501477
187.571	0.000506729
187.714	0.000510433
187.857	0.000511258
188	0.000525239
188.143	0.000530436
188.286	0.000527614
188.429	0.000527884
188.571	0.000528788
188.714	0.000540942
188.857	0.00053695
189	0.000536248
189.143	0.000529755
189.286	0.000547039
189.429	0.000532237
189.571	0.000545111
189.714	0.000543553
189.857	0.000535895
190	0.000549695
190.143	0.000539474
190.286	0.000554711
190.429	0.000548598
190.571	0.000548857
190.714	0.000557823
190.857	0.000549054
191	0.000551416
191.143	0.00055873
191.286	0.000560822
191.429	0.000554636
191.571	0.000557353
191.714	0.00055566
191.857	0.000573736
192	0.000572911
192.143	0.000577757
192.286	0.000575855
192.429	0.000580088
192.571	0.000576706
192.714	0.00057972
192.857	0.000576659
193	0.00058805
193.143	0.000586037
193.286	0.000580012
193.429	0.000589244
193.571	0.000592648
193.714	0.000591476
193.857	0.000599158
194	0.000618168
194.143	0.000607472
194.286	0.000608183
194.429	0.000614052
194.571	0.0006118
194.714	0.000602744
194.857	0.000605024
195	0.000617764
195.143	0.000621106
195.286	0.000608234
195.429	0.000627869
195.571	0.00062152
195.714	0.000623232
195.857	0.000639982
196	0.000640785
196.143	0.000637281
196.286	0.000642859
196.429	0.000650701
196.571	0.000650141
196.714	0.000660079
196.857	0.000650537
197	0.000665534
197.143	0.0006601
197.286	0.000667568
197.429	0.00066926
197.571	0.000664858
197.714	0.000662219
197.857	0.000666376
198	0.000663695
198.143	0.000672829
198.286	0.00068338
198.429	0.000673926
198.571	0.000681294
198.714	0.00068215
198.857	0.000687113
199	0.000685176
199.143	0.00068604
199.286	0.000679131
199.429	0.000696972
199.571	0.000697278
199.714	0.000706517
199.857	0.000704475
200	0.000717375
200.143	0.000713052
200.286	0.000711405
200.429	0.00072654
200.571	0.000718764
200.714	0.000729305
200.857	0.000732099
201	0.000747794
201.143	0.000738884
201.286	0.000744744
201.429	0.000736345
201.571	0.00076068
201.714	0.000748612
201.857	0.000760634
202	0.000766193
202.143	0.000770206
202.286	0.000780201
202.429	0.000774125
202.571	0.000783544
202.714	0.000771372
202.857	0.000789687
203	0.000782514
203.143	0.000788326
203.286	0.000783456
203.429	0.000794638
203.571	0.000795673
203.714	0.000803983
203.857	0.000804741
204	0.000827701
204.143	0.000829856
204.286	0.000838129
204.429	0.000834672
204.571	0.000840021
204.714	0.00083962
204.857	0.000841396
205	0.000850972
205.143	0.000851931
205.286	0.000863692
205.429	0.000872257
205.571	0.000868691
205.714	0.000871608
205.857	0.000882662
206	0.000874705
206.143	0.000891239
206.286	0.00089201
206.429	0.000904489
206.571	0.000900277
206.714	0.000921957
206.857	0.000918446
207	0.000918834
207.143	0.000920007
207.286	0.000937847
207.429	0.000942775
207.571	0.00093666
207.714	0.000948962
207.857	0.00096548
208	0.000965101
208.143	0.000969323
208.286	0.000970876
208.429	0.000971057
208.571	0.00099756
208.714	0.000988835
208.857	0.00100685
209	0.00100605
209.143	0.00102765
209.286	0.00103107
209.429	0.00105018
209.571	0.00104439
209.714	0.00104719
209.857	0.00106012
210	0.00105779
210.143	0.00106269
210.286	0.00106163
210.429	0.00108144
210.571	0.00108501
210.714	0.00109536
210.857	0.00110121
211	0.00111177
211.143	0.00111809
211.286	0.00113599
211.429	0.00113286
211.571	0.00114081
211.714	0.0011582
211.857	0.00116441
212	0.00116568
212.143	0.00118459
212.286	0.00118498
212.429	0.00120035
212.571	0.0012251
212.714	0.00122174
212.857	0.00124266
213	0.00125099
213.143	0.00126234
213.286	0.00125812
213.429	0.001282
213.571	0.00128499
213.714	0.00131425
213.857	0.00131503
214	0.00134163
214.143	0.0013415
214.286	0.00136921
214.429	0.00137515
214.571	0.0013925
214.714	0.00140522
214.857	0.00141763
215	0.00143091
215.143	0.00143251
215.286	0.00145018
215.429	0.00145032
215.571	0.00147665
215.714	0.00148779
215.857	0.00150476
216	0.00150846
216.143	0.00152932
216.286	0.00154406
216.429	0.00155996
216.571	0.00158452
216.714	0.00158927
216.857	0.00161238
217	0.00162763
217.143	0.00164746
217.286	0.00166947
217.429	0.00168452
217.571	0.00171846
217.714	0.00172746
217.857	0.00176059
218	0.00177476
218.143	0.00179934
218.286	0.00183509
218.429	0.00184659
218.571	0.00188084
218.714	0.00189994
218.857	0.00194365
219	0.00196098
219.143	0.00198498
219.286	0.00200224
219.429	0.00203659
219.571	0.00206292
219.714	0.00209058
219.857	0.00213949
220	0.00217108
220.143	0.00219682
220.286	0.00223958
220.429	0.00227987
220.571	0.00232955
220.714	0.00235821
220.857	0.00242862
221	0.00230651
221.143	0.00235894
221.286	0.0025227
221.429	0.00212769
221.571	0.00189668
221.714	0.00266104
221.857	0.00248763
222	0.0026907
222.143	0.00284713
222.286	0.00286142
222.429	0.00280421
222.571	0.00291905
222.714	0.00285166
222.857	0.00300951
223	0.00290068
223.143	0.00314594
223.286	0.00320928
223.429	0.00345221
223.571	0.00348242
223.714	0.00353945
223.857	0.00362605
224	0.00373083
224.143	0.00382521
224.286	0.00382708
224.429	0.00404941
224.571	0.00411206
224.714	0.00423239
224.857	0.00433334
225	0.00447227
225.143	0.00465722
225.286	0.00491458
225.429	0.00499509
225.571	0.00530484
225.714	0.0054557
225.857	0.00563175
226	0.00583419
226.143	0.00619091
226.286	0.00634299
226.429	0.00676642
226.571	0.00695975
226.714	0.00744976
226.857	0.0078361
227	0.00839156
227.143	0.00883888
227.286	0.0105202
227.429	0.00990528
227.571	0.0108897
227.714	0.0125664
227.857	0.0130174
228	0.0151505
228.143	0.0172199
228.286	0.0203792
228.429	0.0254919
228.571	0.0370573
